lastAccountName: TodesEngel_
timestamps:
  login: 1591461349722
  logout: 1591461484784
ipAddress: 91.10.56.114
lastlocation:
  world: plotworld
  x: 61.0
  y: 65.0
  z: 256.0
  yaw: 0.0
  pitch: 0.0
logoutlocation:
  world: plotworld
  x: 125.6192396719399
  y: 68.0
  z: 321.2820923703223
  yaw: 183.05243
  pitch: 4.0789704
