lastAccountName: mori0
timestamps:
  login: 1591024482558
  logout: 1591024488589
ipAddress: 78.48.73.68
lastlocation:
  world: plotworld
  x: 61.0
  y: 65.0
  z: 256.0
  yaw: 0.0
  pitch: 0.0
logoutlocation:
  world: plotworld
  x: 117.08283966961346
  y: 65.0
  z: 307.985583108049
  yaw: 18.441006
  pitch: 67.5167
