lastAccountName: sudo_apt_install
timestamps:
  login: 1591579547369
  logout: 1591579587946
ipAddress: 213.47.128.113
lastlocation:
  world: plotworld
  x: 61.0
  y: 65.0
  z: 256.0
  yaw: 0.0
  pitch: 0.0
money: '540.0'
logoutlocation:
  world: plotworld
  x: 106.34519721882337
  y: 65.0
  z: 319.68049223883327
  yaw: 87.55
  pitch: 1.0
