lastAccountName: Jan7483h
timestamps:
  login: 1592146351353
  lastteleport: 1592137654290
  logout: 1592152025632
ipAddress: 2.203.193.135
lastlocation:
  world: plotworld
  x: 407.30000001192093
  y: 57.20000004768379
  z: 367.30000001192093
  yaw: 154.5009
  pitch: -1.3500291
money: '8780.0'
logoutlocation:
  world: plotworld
  x: 425.2753483661353
  y: 52.0
  z: 383.6212015507401
  yaw: 177.9021
  pitch: 12.899878
