lastAccountName: BlxckKarl_3D
timestamps:
  login: 1591560603346
  lastteleport: 1591561365655
  logout: 1591561870584
ipAddress: 195.46.241.228
lastlocation:
  world: farmwelt
  x: 502.7928649511989
  y: 82.1576011053016
  z: -1564.911338709971
  yaw: -121.473335
  pitch: 10.735188
money: '1900.0'
logoutlocation:
  world: farmwelt
  x: -442.06948852242755
  y: 96.31000001728535
  z: -1006.9260855377431
  yaw: 151.25764
  pitch: 72.01209
