lastAccountName: Dj_Brain
timestamps:
  login: 1591508811591
  logout: 1591509131603
ipAddress: 91.62.35.236
lastlocation:
  world: plotworld
  x: 61.0
  y: 65.0
  z: 256.0
  yaw: 0.0
  pitch: 0.0
logoutlocation:
  world: plotworld
  x: 64.9541781334562
  y: 65.0
  z: 339.354346844143
  yaw: 310.49908
  pitch: -4.950015
