lastAccountName: DasGewichtii
timestamps:
  login: 1591021901612
  logout: 1591021909824
ipAddress: 127.0.0.1
lastlocation:
  world: plotworld
  x: 61.0
  y: 65.0
  z: 256.0
  yaw: 0.0
  pitch: 0.0
logoutlocation:
  world: plotworld
  x: 124.26965852109612
  y: 68.0
  z: 317.7265273336308
  yaw: 186.29994
  pitch: 17.09992
