lastAccountName: _CoreArtz_
timestamps:
  login: 1591571678495
  logout: 1591571878780
ipAddress: 79.223.21.130
lastlocation:
  world: plotworld
  x: 61.0
  y: 65.0
  z: 256.0
  yaw: 0.0
  pitch: 0.0
logoutlocation:
  world: plotworld
  x: 75.66790734380379
  y: 64.0
  z: -175.69999998807907
  yaw: 105.67474
  pitch: 30.70743
money: '500.0'
