lastAccountName: Toniberta00
timestamps:
  login: 1591195125972
  logout: 1591196260145
  lastteleport: 1591195281521
ipAddress: 87.168.81.90
lastlocation:
  world: plotworld
  x: -128.38275264150644
  y: 65.0
  z: 55.607959777983304
  yaw: -221.39984
  pitch: 35.1
money: '910.0'
logoutlocation:
  world: plotworld
  x: -120.29172016095656
  y: 65.0
  z: 61.95451330393601
  yaw: 113.54997
  pitch: 9.450001
