lastAccountName: Pustiii
timestamps:
  login: 1591617125267
  lastteleport: 1591618198022
  logout: 1591618557467
ipAddress: 78.48.46.184
lastlocation:
  world: plotworld
  x: -3574.2562920535293
  y: 65.0
  z: 1651.80927006258
  yaw: 19.049318
  pitch: 34.200085
money: '3010.0'
logoutlocation:
  world: plotworld
  x: -6.742698223339028
  y: 67.0
  z: -581.6206517630795
  yaw: 336.41727
  pitch: 17.699947
godmode: false
homes:
  nether:
    world: plotworld_nether
    x: -396.93236003447146
    y: 38.0
    z: -141.72077643206552
    yaw: 137.84984
    pitch: 24.899942
  festung:
    world: plotworld_nether
    x: -905.3298057633799
    y: 68.0
    z: 90.28601877200813
    yaw: -8.852452
    pitch: 34.49987
