lastAccountName: SonySonicYT
timestamps:
  login: 1591810779751
  logout: 1591810802541
ipAddress: 46.5.253.14
lastlocation:
  world: plotworld
  x: 61.0
  y: 65.0
  z: 256.0
  yaw: 0.0
  pitch: 0.0
logoutlocation:
  world: plotworld
  x: 193.48738887541134
  y: 65.5
  z: 311.3771282396609
  yaw: -150.97345
  pitch: 11.767836
