lastAccountName: HolloawayDood
timestamps:
  login: 1590762197224
  lastteleport: 1590767401284
  logout: 1590771558127
ipAddress: 91.47.89.52
lastlocation:
  world: plotworld
  x: 25.420802922373113
  y: 67.76636799395752
  z: 84.7906541607471
  yaw: 177.29834
  pitch: 83.54988
money: '1000.0'
logoutlocation:
  world: plotworld
  x: 11.707926557757695
  y: 65.0
  z: 55.75537603807399
  yaw: 145.22928
  pitch: 5.5509896
