lastAccountName: Minicraft_248
timestamps:
  login: 1591616631617
  logout: 1591616780161
ipAddress: 88.74.1.216
lastlocation:
  world: plotworld
  x: 61.0
  y: 65.0
  z: 256.0
  yaw: 0.0
  pitch: 0.0
logoutlocation:
  world: plotworld
  x: 149.2401769581601
  y: 65.0
  z: 251.17670489209172
  yaw: 95.58778
  pitch: 10.429478
