lastAccountName: BaumSagtHi
timestamps:
  login: 1591462749740
  logout: 1591462763828
ipAddress: 84.183.116.24
lastlocation:
  world: plotworld
  x: 61.0
  y: 65.0
  z: 256.0
  yaw: 0.0
  pitch: 0.0
logoutlocation:
  world: plotworld
  x: 125.3762033606979
  y: 74.61813547611762
  z: 201.69116033928438
  yaw: 134.85008
  pitch: 21.899939
