lastAccountName: ItzSimmi
timestamps:
  login: 1591117675426
  logout: 1591117893200
ipAddress: 79.216.20.45
lastlocation:
  world: plotworld
  x: 61.0
  y: 65.0
  z: 256.0
  yaw: 0.0
  pitch: 0.0
logoutlocation:
  world: plotworld
  x: 109.93427030340008
  y: 65.0
  z: 324.2138302471613
  yaw: 220.32564
  pitch: 10.054153
