lastAccountName: Zerterxx
timestamps:
  login: 1591498799483
  lastteleport: 1591498859597
  logout: 1591498869549
ipAddress: 82.82.107.109
lastlocation:
  world: plotworld
  x: 119.64147509174136
  y: 65.0
  z: 266.5816992456947
  yaw: 0.49214172
  pitch: 9.635559
logoutlocation:
  world: plotworld
  x: 116.28325636903011
  y: 65.0
  z: 331.0346417117834
  yaw: 23.68307
  pitch: 4.954331
