lastAccountName: king_Kings
timestamps:
  login: 1591819588423
  lastteleport: 1591720469070
  logout: 1591819600747
ipAddress: 80.137.149.237
lastlocation:
  world: plotworld
  x: -24.47699644977504
  y: 65.0
  z: 104.27981761426395
  yaw: 142.90932
  pitch: -24.676525
money: '32050.0'
logoutlocation:
  world: plotworld
  x: 60.495021179123995
  y: 65.0
  z: 315.78877059345183
  yaw: 107.955734
  pitch: 4.0041113
