lastAccountName: Shirley2k17
timestamps:
  login: 1592081742941
  lastteleport: 1592081813662
  logout: 1592084538084
ipAddress: 46.128.75.211
lastlocation:
  world: plotworld
  x: 77.97166517928983
  y: 65.0
  z: 241.4364134221012
  yaw: 111.3
  pitch: 8.849924
money: '2010.0'
logoutlocation:
  world: plotworld
  x: 126.92458908221005
  y: 68.0
  z: 319.8984468847257
  yaw: 179.72952
  pitch: 89.549995
