lastAccountName: Freezy_TV
timestamps:
  login: 1591555120107
  logout: 1591556956880
ipAddress: 185.22.142.253
lastlocation:
  world: plotworld
  x: 61.0
  y: 65.0
  z: 256.0
  yaw: 0.0
  pitch: 0.0
logoutlocation:
  world: plotworld
  x: 154.5869097481628
  y: 67.0
  z: 392.55958365515704
  yaw: 84.56409
  pitch: 30.608994
