lastAccountName: F_eli_x
timestamps:
  login: 1591468279805
  logout: 1591468545933
ipAddress: 62.216.205.245
lastlocation:
  world: plotworld
  x: 61.0
  y: 65.0
  z: 256.0
  yaw: 0.0
  pitch: 0.0
logoutlocation:
  world: plotworld
  x: 59.45912626715824
  y: 65.0
  z: 333.7259427823464
  yaw: -218.09972
  pitch: -3.000003
