lastAccountName: Thegamer5801
timestamps:
  login: 1591566459144
  logout: 1591567512434
ipAddress: 156.67.132.31
lastlocation:
  world: plotworld
  x: 61.0
  y: 65.0
  z: 256.0
  yaw: 0.0
  pitch: 0.0
money: '2010.0'
logoutlocation:
  world: plotworld
  x: -88.84241290085866
  y: 62.200000047683716
  z: -112.30000001192093
  yaw: -273.9017
  pitch: 50.401535
