lastAccountName: ClientWodka
timestamps:
  login: 1591484383623
  logout: 1591484392397
ipAddress: 62.216.204.66
lastlocation:
  world: plotworld
  x: 61.0
  y: 65.0
  z: 256.0
  yaw: 0.0
  pitch: 0.0
logoutlocation:
  world: plotworld
  x: 123.5
  y: 68.0
  z: 319.5
  yaw: 179.69994
  pitch: 0.149921
