lastAccountName: Skripptx
timestamps:
  login: 1591483608608
  lastteleport: 1591486279506
  logout: 1591486307799
ipAddress: 87.123.195.27
lastlocation:
  world: plotworld
  x: 1149.6292354912296
  y: 65.0
  z: 503.06109198017776
  yaw: -149.32999
  pitch: 41.139606
money: '510.0'
logoutlocation:
  world: plotworld
  x: 1154.4299024729269
  y: 66.16610926093821
  z: 509.4944761806421
  yaw: -20.472351
  pitch: 22.250898
