lastAccountName: Kirito2504
timestamps:
  login: 1591576475339
  logout: 1591576476604
ipAddress: 87.154.248.248
lastlocation:
  world: plotworld
  x: 61.0
  y: 65.0
  z: 256.0
  yaw: 0.0
  pitch: 0.0
logoutlocation:
  world: plotworld
  x: 123.5
  y: 68.0
  z: 319.5
  yaw: 179.69994
  pitch: 0.149921
money: '2500'
