lastAccountName: TommyBommy_
timestamps:
  login: 1591560603503
  lastteleport: 1591561296050
  logout: 1591561855577
ipAddress: 188.74.51.28
lastlocation:
  world: plotworld
  x: 242.88749190263786
  y: 66.77399545482348
  z: 387.5892638154664
  yaw: -1.315328
  pitch: 4.52396
money: '2500.0'
logoutlocation:
  world: farmwelt
  x: -442.3459329666213
  y: 104.42400001192053
  z: -1006.8780213157966
  yaw: 176.39162
  pitch: 0.0
