lastAccountName: IchbinsTim1949
timestamps:
  login: 1591486026281
  lastteleport: 1591486193557
  logout: 1591486296680
ipAddress: 79.246.173.60
lastlocation:
  world: plotworld
  x: 1205.6454208223631
  y: 65.41999998688698
  z: 404.7606379905198
  yaw: 289.4446
  pitch: 21.724676
logoutlocation:
  world: plotworld
  x: 1214.296951304181
  y: 65.0
  z: 397.8226964982134
  yaw: 7.9057007
  pitch: 30.82442
money: '1000.0'
