lastAccountName: bluefighter_10
timestamps:
  login: 1591451816150
  logout: 1591451858903
ipAddress: 127.0.0.1
lastlocation:
  world: plotworld
  x: 61.0
  y: 65.0
  z: 256.0
  yaw: 0.0
  pitch: 0.0
logoutlocation:
  world: plotworld
  x: 122.95750751126587
  y: 68.0
  z: 319.2511709517495
  yaw: 85.26842
  pitch: -3.1445725
money: '500.0'
