lastAccountName: GreenHD2016
timestamps:
  login: 1591549230745
  logout: 1591549290435
ipAddress: 93.237.77.3
lastlocation:
  world: plotworld
  x: 61.0
  y: 65.0
  z: 256.0
  yaw: 0.0
  pitch: 0.0
logoutlocation:
  world: plotworld
  x: 67.74802112280327
  y: 65.0
  z: 108.53266212282264
  yaw: 87.00004
  pitch: -9.000003
money: '2500'
