lastAccountName: leunam123
timestamps:
  login: 1592060926457
  logout: 1592061158668
ipAddress: 46.91.74.69
lastlocation:
  world: plotworld
  x: 61.0
  y: 65.0
  z: 256.0
  yaw: 0.0
  pitch: 0.0
logoutlocation:
  world: plotworld
  x: 117.86667431793569
  y: 69.5
  z: 316.50204889929233
  yaw: 234.99998
  pitch: 19.449884
money: '2510.0'
