lastAccountName: dercollerlol_YT
timestamps:
  login: 1591546995009
  lastteleport: 1591368875359
  logout: 1591547197718
ipAddress: 77.13.22.230
lastlocation:
  world: plotworld
  x: 124.3757804143307
  y: 68.0
  z: 320.9691930717771
  yaw: 6.299999
  pitch: 6.9
money: '1010.0'
logoutlocation:
  world: plotworld
  x: 6.53280883064151
  y: 87.81119299842676
  z: 41.13268151542517
  yaw: 164.50269
  pitch: 13.431208
