lastAccountName: Nivashii_
timestamps:
  login: 1590780624139
  logout: 1590782163792
ipAddress: 93.214.252.147
lastlocation:
  world: plotworld
  x: -63.78088855837113
  y: 57.69435972859456
  z: -62.15542531762114
  yaw: -109.654655
  pitch: -50.28428
logoutlocation:
  world: plotworld
  x: -56.67096966481787
  y: 65.0
  z: -76.14299746844797
  yaw: -191.07037
  pitch: 14.063766
money: '700.0'
