lastAccountName: FernadeZTV
timestamps:
  login: 1592129325270
  lastteleport: 1592140871802
  logout: 1592157537388
ipAddress: 37.201.168.246
lastlocation:
  world: plotworld
  x: 352.05992154749
  y: 65.0
  z: 335.630110817013
  yaw: -91.34961
  pitch: 62.24989
money: '2910.0'
logoutlocation:
  world: plotworld
  x: 369.6200597493764
  y: 75.0
  z: 326.1899999880791
  yaw: -155.69751
  pitch: 37.949837
