lastAccountName: itsQuexxi
timestamps:
  login: 1589571986588
  lastteleport: 1589572523452
  logout: 1589582668456
ipAddress: 84.118.204.86
lastlocation:
  world: plotworld
  x: -761.8223135130012
  y: 90.8079703916971
  z: 220.7412164612009
  yaw: -313.90222
  pitch: 9.900066
money: '0'
logoutlocation:
  world: plotworld
  x: -783.8974531026084
  y: 86.0
  z: 247.55731469004672
  yaw: 188.69621
  pitch: 5.1000338
