lastAccountName: AdminKiller
timestamps:
  login: 1592156492808
  lastteleport: 1592149813856
  logout: 1592156819365
ipAddress: 89.1.208.195
lastlocation:
  world: ADMINWORLD
  x: 184.4586002917437
  y: 5.0
  z: 166.30793875921518
  yaw: 88.80605
  pitch: 35.42215
money: '2250.0'
logoutlocation:
  world: plotworld
  x: 58.188912070869804
  y: 79.0
  z: 299.053914205175
  yaw: 61.750065
  pitch: 59.949932
