lastAccountName: AdminEvil2020
timestamps:
  login: 1591897656194
  logout: 1591898859597
  lastteleport: 1591615624651
ipAddress: 92.196.155.100
lastlocation:
  world: plotworld
  x: 126.5
  y: 68.0
  z: 316.5
  yaw: -0.15124512
  pitch: -0.8996768
logoutlocation:
  world: plotworld
  x: -19.437394961615404
  y: 65.0
  z: 495.97236814229683
  yaw: 66.15036
  pitch: 27.599989
money: '730.0'
