lastAccountName: IndigoStar786
timestamps:
  login: 1592146843070
  logout: 1592146966875
  lastteleport: 1592141409045
ipAddress: 88.66.82.99
lastlocation:
  world: plotworld
  x: 369.4032223678357
  y: 65.0
  z: 413.27764471711794
  yaw: 115.80002
  pitch: 3.5999937
logoutlocation:
  world: plotworld
  x: 125.94999998807907
  y: 69.0
  z: 313.7698133373356
  yaw: 275.5
  pitch: 26.55
money: '2000.0'
homes:
  home:
    world: plotworld
    x: 365.30000001192093
    y: 65.0
    z: 411.70191438054263
    yaw: 74.25002
    pitch: 27.299994
