lastAccountName: KnirpsKeimYT
timestamps:
  login: 1591537546072
  logout: 1591538242090
ipAddress: 217.240.176.203
lastlocation:
  world: plotworld
  x: 61.0
  y: 65.0
  z: 256.0
  yaw: 0.0
  pitch: 0.0
logoutlocation:
  world: plotworld
  x: 387.2102731704415
  y: 81.98660986638578
  z: 337.0340800309459
  yaw: -47.415405
  pitch: 18.789814
