lastAccountName: Joko5555
timestamps:
  login: 1591368085558
  logout: 1591370451973
ipAddress: 5.146.194.189
lastlocation:
  world: plotworld
  x: 76.63193646982755
  y: 70.11786789724974
  z: 13.966958319153887
  yaw: 3.150011
  pitch: 37.049976
money: '510.0'
logoutlocation:
  world: plotworld
  x: 82.9281747265437
  y: 67.49390748022948
  z: 5.610094593776866
  yaw: 30.751055
  pitch: 14.700216
