lastAccountName: xdGreeN_y
timestamps:
  login: 1591643113517
  logout: 1591643473208
ipAddress: 156.67.132.31
lastlocation:
  world: plotworld
  x: 61.0
  y: 65.0
  z: 256.0
  yaw: 0.0
  pitch: 0.0
logoutlocation:
  world: plotworld
  x: 141.51249998807907
  y: 68.66610926093821
  z: 315.8628346884068
  yaw: -109.93921
  pitch: 26.850048
