lastAccountName: AlexanderP2004
timestamps:
  login: 1591370170992
  lastteleport: 1591370182889
  logout: 1591370358323
ipAddress: 85.233.60.242
lastlocation:
  world: plotworld
  x: 126.73485509047853
  y: 67.29673560066871
  z: 336.0688246551857
  yaw: -1.2500011
  pitch: 67.450005
logoutlocation:
  world: plotworld
  x: -75.48498754884876
  y: 5.251153083583698
  z: -41.40475643697672
  yaw: 269.03485
  pitch: 18.313568
money: '500.0'
