lastAccountName: TOPSLordTheTiger
timestamps:
  login: 1591188937550
  logout: 1591189023878
ipAddress: 87.171.205.71
lastlocation:
  world: plotworld
  x: 61.0
  y: 65.0
  z: 256.0
  yaw: 0.0
  pitch: 0.0
logoutlocation:
  world: plotworld
  x: 124.16336538773957
  y: 68.0
  z: 317.1736391721233
  yaw: -265.9478
  pitch: 14.700225
