lastAccountName: byReplexYT
timestamps:
  login: 1591537532478
  logout: 1591538159028
ipAddress: 37.4.252.247
lastlocation:
  world: plotworld
  x: 61.0
  y: 65.0
  z: 256.0
  yaw: 0.0
  pitch: 0.0
money: '500.0'
logoutlocation:
  world: plotworld
  x: 169.50997588269905
  y: 67.0
  z: 261.5280043258853
  yaw: -39.468445
  pitch: 3.6000552
