lastAccountName: Sweet_Lapis
timestamps:
  login: 1591541058153
  logout: 1591542798823
ipAddress: 84.151.225.174
lastlocation:
  world: plotworld
  x: 112.69999998807907
  y: 227.76738287351387
  z: 291.69999998807907
  yaw: -48.95004
  pitch: 37.900005
money: '500.0'
logoutlocation:
  world: plotworld
  x: 71.16875534834418
  y: 75.2436258163753
  z: 306.8345605751383
  yaw: -184.14374
  pitch: 43.350006
