spawns: 
  default: 
    world: plotworld
    x: 123.59181258938871
    y: 68.0
    z: 319.51774224308474
    yaw: 179.69994
    pitch: 0.149921
  "*": 
    world: plotworld
    x: 123.59181258938871
    y: 68.0
    z: 319.51774224308474
    yaw: 179.69994
    pitch: 0.149921
