world: plotworld
x: 64.1775636404671
y: 65.0
z: 339.6250971143985
yaw: 180.89998
pitch: -3.1500018
name: adminshop
lastowner: cb42b057-5f9e-403d-bb77-e62de5eeaab7
