world: farmwelt
x: 468.55345809793187
y: 67.0
z: -1572.6824698707976
yaw: -0.91580904
pitch: 19.199802
name: farmwelt
lastowner: 1f9e5193-9829-40e9-91e7-b7bb750c535f
