world: plotworld_nether
x: -380.55024406738534
y: 48.0
z: 11.99943502249237
yaw: 180.74889
pitch: -0.7503529
name: Nether
lastowner: 1f9e5193-9829-40e9-91e7-b7bb750c535f
